   39113
   54915
   26190
   37212
   58848
   31396
   29855
    3671
   44600
   48081
   21194
   27000
   34985
   33255
    3222
   18811
    1351
   20234
   41776
   13450
   10752
   44224
   44584
   14467
   50190
   61028
   23783
   26678
   13863
   26446
   50748
   53668
   27839
   28147
   19856
   34078
   28306
   26215
   24198
   46573
   64339
   32964
   47227
   62055
   18694
   17693
   11869
   31605
   10186
   34776
   52925
   39753
   23219
   21432
    2721
   14848
   64192
   51816
    3643
   51311
   56813
   15955
   30564
   51399
   45082
   12126
   47242
   28032
   40400
    6230
   46787
   55174
   46029
   35575
   27588
   25115
    6995
   15556
   44283
   37463
   61880
   44257
   48376
   51129
    2133
   24718
   24916
   47673
   16005
    4536
   26849
   45432
   26537
   45319
   51282
   61423
    1661
   16145
   36514
   34229
   17858
   30833
   26710
   15555
   42182
   14437
   52700
   25808
   21110
   47135
   65383
   63590
   32273
   37314
   10993
   26246
   23789
   39283
   18848
   13548
   20030
    6414
   40132
   33019
   31703
   19464
   62503
   42382
   41396
    1549
   42991
   10109
    4081
   53990
   48961
   34956
   37866
   56564
   17125
   63756
   53338
   55446
   27643
    9591
   29940
   51173
   29036
   52526
   53472
    9284
   40331
   57877
   23062
   19275
   58653
   14941
   62965
   29946
   63778
   34021
   39628
   22754
   27565
   42331
   65323
    3073
   33460
   40685
   15155
   53800
   43011
   52126
   65090
   37857
   37656
    8597
   38822
   33385
   14191
   60173
   62543
   60881
   42634
   46528
   35336
   49767
   24326
   53341
   61749
   31186
   47423
   15075
   16802
   40533
   23502
   26156
   31318
   62595
   39054
   62036
   44313
   34953
   31563
   53021
   44829
    4893
   55965
    3885
   35435
   61145
    7441
   35042
   21933
    6683
   15443
    3492
   61759
   52195
   13442
   59481
   50529
   52328
   30715
   40951
   49700
   14639
   18325
   28902
   33153
   51076
   21859
   47826
    9759
   55207
   49822
    8802
   10749
   37921
   41040
   40070
   33837
   46283
   44909
   41891
   58442
   30408
   51343
   58505
   31691
   59789
   42239
    3115
   56161
   22440
   23251
   23124
   18457
   44073
   55031
    7748
   24651
   15229
   12657
   48694
   63847
   47910
   55161
   18717
     477
   19077
   35896
   46609
    8898
   15825
   19594
    7936
   26400
   19644
   47444
   59193
   35301
   41772
    5046
   49719
   54556
   58408
   24515
   57190
   21553
   60318
   39490
   60513
   55944
   25303
    8744
   19971
   13534
   56154
    7734
   60775
   16550
   35401
   55251
   11188
   42701
   56215
    4816
   25270
    4951
   46744
   30373
   43348
   39225
   28069
   52596
    3925
   53934
   62384
   54522
   52514
   28261
   62748
   32808
   47171
    9942
   46451
    4640
   48732
   12608
   11288
   56181
   64458
   20824
   36109
   35343
   64473
   52337
   49622
   47379
   53708
   46338
   29385
   64835
   26422
     327
   31626
   54304
   53276
   56264
   42223
   35037
   11429
   24724
   37521
   52658
    3107
   39354
   36938
    7496
   19519
   46979
   65326
    9376
   37004
   15082
   31508
    3009
   30076
    9212
   20140
   40902
   12293
    4872
   11847
   50922
   26004
   39665
   34950
   25261
   51579
   30023
   28938
   43248
   25746
   21927
   59614
    2266
   41990
    4285
   23817
   32571
    8015
   61297
   64630
   54495
   61327
   62121
   26279
   27582
   12510
    2010
   28454
    9465
   27373
   32179
   36440
    9837
   22467
   14438
   54801
   48834
   30289
   63482
    1986
   43569
   44766
    3610
   47518
   18050
   40985
   55593
    8791
   53176
   42785
   36080
   39954
   52279
   58844
   22992
    3286
   22195
   32824
   15249
   54674
   44167
   55906
   11005
   51457
   35860
   36513
   32128
   60368
   13462
   35963
   56295
   41814
   27747
   31474
   62651
   25631
   42471
   31766
   20747
    5413
   34308
   52755
   10284
   44054
   15115
   35301
   41772
    5046
   49719
   54556
   58408
   24515
   57190
   21553
   60318
   39490
   60513
   55944
   25303
    8744
   19971
   13534
   56154
    7734
   60775
   16550
   35401
   55251
   11188
   42701
   56215
    4816
   25270
    4951
   46744
   30373
   43348
   39225
   28069
   52596
    3925
   53934
   62384
   54522
   52514
   28261
   62748
   32808
   47171
    9942
   46451
    4640
   48732
   12608
   11288
   56181
   64458
   20824
   36109
   35343
   64473
   52337
   49622
   47379
   53708
   46338
   29385
   64835
   26422
     327
   31626
   54304
   53276
   56264
   42223
   35037
   11429
   24724
   37521
   52658
    3107
   39354
   36938
    7496
   19519
   46979
   65326
    9376
   37004
   15082
   31508
    3009
   30076
    9212
   20140
   40902
   12293
    4872
   11847
   50922
   26004
   39665
   34950
   25261
   51579
   30023
   28938
   43248
   25746
   21927
   59614
    2266
   41990
    4285
   23817
   32571
    8015
   61297
   64630
   54495
   61327
   62121
   26279
   27582
   12510
    2010
   28454
    9465
   27373
   32179
   36440
    9837
   22467
   14438
   54801
   48834
   30289
   63482
    1986
   43569
   44766
    3610
   47518
   18050
   40985
   55593
    8791
   53176
   42785
   36080
   39954
   52279
   58844
   22992
    3286
   22195
   32824
   15249
   54674
   44167
   55906
   11005
   51457
   35860
   36513
   32128
   60368
   13462
   35963
   56295
   41814
   27747
   31474
   62651
   25631
   42471
   31766
   20747
    5413
   34308
   52755
   10284
   44054
   15115
   35301
   41772
    5046
   49719
   54556
   58408
   24515
   57190
   21553
   60318
   39490
   60513
   55944
   25303
    8744
   19971
   13534
   56154
    7734
   60775
   16550
   35401
   55251
   11188
   42701
   56215
    4816
   25270
    4951
   46744
   30373
   43348
   39225
   28069
   52596
    3925
   53934
   62384
   54522
   52514
   28261
   62748
   32808
   47171
    9942
   46451
    4640
   48732
   12608
   11288
   56181
   64458
   20824
   36109
   35343
   64473
   52337
   49622
   47379
   53708
   46338
   29385
   64835
   26422
     327
   31626
   54304
   53276
   56264
   42223
   35037
   11429
   24724
   37521
   52658
    3107
   39354
   36938
    7496
   19519
   46979
   65326
    9376
   37004
   15082
   31508
    3009
   30076
    9212
   20140
   40902
   12293
    4872
   11847
   50922
   26004
   39665
   34950
   25261
   51579
   30023
   28938
   43248
   25746
   21927
   59614
    2266
   41990
    4285
   23817
   32571
    8015
   61297
   64630
   54495
   61327
   62121
   26279
   27582
   12510
    2010
   28454
    9465
   27373
   32179
   36440
    9837
   22467
   14438
   54801
   48834
   30289
   63482
    1986
   43569
   44766
    3610
   47518
   18050
   40985
   55593
    8791
   53176
   42785
   36080
   39954
   52279
   58844
   22992
    3286
   22195
   32824
   15249
   54674
   44167
   55906
   11005
   51457
   35860
   36513
   32128
   60368
   13462
   35963
   56295
   41814
   27747
   31474
   62651
   25631
   42471
   31766
   20747
    5413
   34308
   52755
   10284
   44054
   15115
   35301
   41772
    5046
   49719
   54556
   58408
   24515
   57190
   21553
   60318
   39490
   60513
   55944
   25303
    8744
   19971
   13534
   56154
    7734
   60775
   16550
   35401
   55251
   11188
   42701
   56215
    4816
   25270
    4951
   46744
   30373
   43348
   39225
   28069
   52596
    3925
   53934
   62384
   54522
   52514
   28261
   62748
   32808
   47171
    9942
   46451
    4640
   48732
   12608
   11288
   56181
   64458
   20824
   36109
   35343
   64473
   52337
   49622
   47379
   53708
   46338
   29385
   64835
   26422
     327
   31626
   54304
   53276
   56264
   42223
   35037
   11429
   24724
   37521
   52658
    3107
   39354
   36938
    7496
   19519
   46979
   65326
    9376
   37004
   15082
   31508
    3009
   30076
    9212
   20140
   40902
   12293
    4872
   11847
   50922
   26004
   39665
   34950
   25261
   51579
   30023
   28938
   43248
   25746
   21927
   59614
    2266
   41990
    4285
   23817
   32571
    8015
   61297
   64630
   54495
   61327
   62121
   26279
   27582
   12510
    2010
   28454
    9465
   27373
   32179
   36440
    9837
   22467
   14438
   54801
   48834
   30289
   63482
    1986
   43569
   44766
    3610
   47518
   18050
   40985
   55593
    8791
   53176
   42785
   36080
   39954
   52279
   58844
   22992
    3286
   22195
   32824
   15249
   54674
   44167
   55906
   11005
   51457
   35860
   36513
   32128
   60368
   13462
   35963
   56295
   41814
   27747
   31474
   62651
   25631
   42471
   31766
   20747
    5413
   34308
   52755
   10284
   44054
   15115
   35301
   41772
    5046
   49719
