327
327
327
327
477
1351
1549
1661
1986
1986
1986
1986
2010
2010
2010
2010
2133
2266
2266
2266
2266
2721
3009
3009
3009
3009
3073
3107
3107
3107
3107
3115
3222
3286
3286
3286
3286
3492
3610
3610
3610
3610
3643
3671
3885
3925
3925
3925
3925
4081
4285
4285
4285
4285
4536
4640
4640
4640
4640
4816
4816
4816
4816
4872
4872
4872
4872
4893
4951
4951
4951
4951
5046
5046
5046
5046
5046
5413
5413
5413
5413
6230
6414
6683
6995
7441
7496
7496
7496
7496
7734
7734
7734
7734
7748
7936
8015
8015
8015
8015
8597
8744
8744
8744
8744
8791
8791
8791
8791
8802
8898
9212
9212
9212
9212
9284
9376
9376
9376
9376
9465
9465
9465
9465
9591
9759
9837
9837
9837
9837
9942
9942
9942
9942
10109
10186
10284
10284
10284
10284
10749
10752
10993
11005
11005
11005
11005
11188
11188
11188
11188
11288
11288
11288
11288
11429
11429
11429
11429
11847
11847
11847
11847
11869
12126
12293
12293
12293
12293
12510
12510
12510
12510
12608
12608
12608
12608
12657
13442
13450
13462
13462
13462
13462
13534
13534
13534
13534
13548
13863
14191
14437
14438
14438
14438
14438
14467
14639
14848
14941
15075
15082
15082
15082
15082
15115
15115
15115
15115
15155
15229
15249
15249
15249
15249
15443
15555
15556
15825
15955
16005
16145
16550
16550
16550
16550
16802
17125
17693
17858
18050
18050
18050
18050
18325
18457
18694
18717
18811
18848
19077
19275
19464
19519
19519
19519
19519
19594
19644
19856
19971
19971
19971
19971
20030
20140
20140
20140
20140
20234
20747
20747
20747
20747
20824
20824
20824
20824
21110
21194
21432
21553
21553
21553
21553
21859
21927
21927
21927
21927
21933
22195
22195
22195
22195
22440
22467
22467
22467
22467
22754
22992
22992
22992
22992
23062
23124
23219
23251
23502
23783
23789
23817
23817
23817
23817
24198
24326
24515
24515
24515
24515
24651
24718
24724
24724
24724
24724
24916
25115
25261
25261
25261
25261
25270
25270
25270
25270
25303
25303
25303
25303
25631
25631
25631
25631
25746
25746
25746
25746
25808
26004
26004
26004
26004
26156
26190
26215
26246
26279
26279
26279
26279
26400
26422
26422
26422
26422
26446
26537
26678
26710
26849
27000
27373
27373
27373
27373
27565
27582
27582
27582
27582
27588
27643
27747
27747
27747
27747
27839
28032
28069
28069
28069
28069
28147
28261
28261
28261
28261
28306
28454
28454
28454
28454
28902
28938
28938
28938
28938
29036
29385
29385
29385
29385
29855
29940
29946
30023
30023
30023
30023
30076
30076
30076
30076
30289
30289
30289
30289
30373
30373
30373
30373
30408
30564
30715
30833
31186
31318
31396
31474
31474
31474
31474
31508
31508
31508
31508
31563
31605
31626
31626
31626
31626
31691
31703
31766
31766
31766
31766
32128
32128
32128
32128
32179
32179
32179
32179
32273
32571
32571
32571
32571
32808
32808
32808
32808
32824
32824
32824
32824
32964
33019
33153
33255
33385
33460
33837
34021
34078
34229
34308
34308
34308
34308
34776
34950
34950
34950
34950
34953
34956
34985
35037
35037
35037
35037
35042
35301
35301
35301
35301
35301
35336
35343
35343
35343
35343
35401
35401
35401
35401
35435
35575
35860
35860
35860
35860
35896
35963
35963
35963
35963
36080
36080
36080
36080
36109
36109
36109
36109
36440
36440
36440
36440
36513
36513
36513
36513
36514
36938
36938
36938
36938
37004
37004
37004
37004
37212
37314
37463
37521
37521
37521
37521
37656
37857
37866
37921
38822
39054
39113
39225
39225
39225
39225
39283
39354
39354
39354
39354
39490
39490
39490
39490
39628
39665
39665
39665
39665
39753
39954
39954
39954
39954
40070
40132
40331
40400
40533
40685
40902
40902
40902
40902
40951
40985
40985
40985
40985
41040
41396
41772
41772
41772
41772
41772
41776
41814
41814
41814
41814
41891
41990
41990
41990
41990
42182
42223
42223
42223
42223
42239
42331
42382
42471
42471
42471
42471
42634
42701
42701
42701
42701
42785
42785
42785
42785
42991
43011
43248
43248
43248
43248
43348
43348
43348
43348
43569
43569
43569
43569
44054
44054
44054
44054
44073
44167
44167
44167
44167
44224
44257
44283
44313
44584
44600
44766
44766
44766
44766
44829
44909
45082
45319
45432
46029
46283
46338
46338
46338
46338
46451
46451
46451
46451
46528
46573
46609
46744
46744
46744
46744
46787
46979
46979
46979
46979
47135
47171
47171
47171
47171
47227
47242
47379
47379
47379
47379
47423
47444
47518
47518
47518
47518
47673
47826
47910
48081
48376
48694
48732
48732
48732
48732
48834
48834
48834
48834
48961
49622
49622
49622
49622
49700
49719
49719
49719
49719
49719
49767
49822
50190
50529
50748
50922
50922
50922
50922
51076
51129
51173
51282
51311
51343
51399
51457
51457
51457
51457
51579
51579
51579
51579
51816
52126
52195
52279
52279
52279
52279
52328
52337
52337
52337
52337
52514
52514
52514
52514
52526
52596
52596
52596
52596
52658
52658
52658
52658
52700
52755
52755
52755
52755
52925
53021
53176
53176
53176
53176
53276
53276
53276
53276
53338
53341
53472
53668
53708
53708
53708
53708
53800
53934
53934
53934
53934
53990
54304
54304
54304
54304
54495
54495
54495
54495
54522
54522
54522
54522
54556
54556
54556
54556
54674
54674
54674
54674
54801
54801
54801
54801
54915
55031
55161
55174
55207
55251
55251
55251
55251
55446
55593
55593
55593
55593
55906
55906
55906
55906
55944
55944
55944
55944
55965
56154
56154
56154
56154
56161
56181
56181
56181
56181
56215
56215
56215
56215
56264
56264
56264
56264
56295
56295
56295
56295
56564
56813
57190
57190
57190
57190
57877
58408
58408
58408
58408
58442
58505
58653
58844
58844
58844
58844
58848
59193
59481
59614
59614
59614
59614
59789
60173
60318
60318
60318
60318
60368
60368
60368
60368
60513
60513
60513
60513
60775
60775
60775
60775
60881
61028
61145
61297
61297
61297
61297
61327
61327
61327
61327
61423
61749
61759
61880
62036
62055
62121
62121
62121
62121
62384
62384
62384
62384
62503
62543
62595
62651
62651
62651
62651
62748
62748
62748
62748
62965
63482
63482
63482
63482
63590
63756
63778
63847
64192
64339
64458
64458
64458
64458
64473
64473
64473
64473
64630
64630
64630
64630
64835
64835
64835
64835
65090
65323
65326
65326
65326
65326
65383
